10000001001011010011011001001111
01001001001110111010010101101000
00100100100101011101101000111100
00010010010010100110110110011110
00011000110100100110001111110100
10010100101100110101101010000110
01000010010110011010110111000011
00100001101001001101011011101001
00101101100000010100111100110110
00111011010010010110100010100101
10010101001001000011110011011010
01001010000100101001111001101101
11010010000110001111010001100011
10110011100101001000011001011010
01011001010000101100001110101101
10100100001000011110100111010110
00110110010011111000000100101101
10100101011010000100100100111011
11011010001111000010010010010101
01101101100111100001001001001010
01100011111101000001100011010010
01011010100001101001010010110011
10101101110000110100001001011001
11010110111010010010000110100100
01001111001101100010110110000001
01101000101001010011101101001001
00111100110110101001010100100100
10011110011011010100101000010010
11110100011000111101001000011000
10000110010110101011001110010100
11000011101011010101100101000010
11101001110101101010010000100001
