11101111111011111110111111101101
00001000000010000000100000001000
10101100100010001010110011000100
11001110110011001100111011101110
11111110111111101111111011011110
10000000100000001000000010000000
11001010100010001100101001001100
11101100110011001110110011101110
11101111111011111110110111101111
00001000000010000000100000001000
10001000101011001100010010101100
11001100110011101110111011001110
11111110111111101101111011111110
10000000100000001000000010000000
10001000110010100100110011001010
11001100111011001110111011101100
11101111111011011110111111101111
00001000000010000000100000001000
10101100110001001010110010001000
11001110111011101100111011001100
11111110110111101111111011111110
10000000100000001000000010000000
11001010010011001100101010001000
11101100111011101110110011001100
11101101111011111110111111101111
00001000000010000000100000001000
11000100101011001000100010101100
11101110110011101100110011001110
11011110111111101111111011111110
10000000100000001000000010000000
01001100110010101000100011001010
11101110111011001100110011101100
